1, aed 1 205.85000836972 64.4610439119406 6.64972931779934;
2, aed 2 154.14999163028 64.4610439119406 6.64972931779934;
3, aed 3 255.211322385835 66.6867545867412 6.53342176810896;
4, aed 4 180 83.7227015104025 6.03619085185351;
5, aed 5 104.788677614165 66.6867545867412 6.53342176810896;
6, aed 6 -44.7717311698466 73.5213253532592 6.25700407543419;
7, aed 7 44.7717311698466 73.5213253532592 6.25700407543419;
8, aed 8 -38.1731376615263 56.0131597252682 7.23618684114776;
9, aed 9 0 62.0764102848616 6.79061116542539;
10, aed 10 38.1731376615263 56.0131597252682 7.23618684114776;
11, aed 11 232.743435635328 39.4789941815047 6.52725822991553;
12, aed 12 253.209040670184 44.7349142238859 5.89632936664837;
13, aed 13 -81.4901962596702 45.6659060051629 5.80194794874963;
14, aed 14 -57.0414697083091 40.969695499317 6.32950235010621;
15, aed 15 -25.0032840295405 39.2093474368668 6.56483815489765;
16, aed 16 0 41.9940783770915 6.2027896949679;
17, aed 17 25.0032840295405 39.2093474368668 6.56483815489765;
18, aed 18 57.041469708309 40.969695499317 6.32950235010621;
19, aed 19 81.4901962596702 45.6659060051629 5.80194794874963;
20, aed 20 106.790959329816 44.7349142238859 5.89632936664837;
21, aed 21 127.256564364672 39.4789941815047 6.52725822991553;
22, aed 22 151.801588476761 42.3674962336425 6.15833581416278;
23, aed 23 180 45.9829193891733 5.77084049337703;
24, aed 24 208.198411523239 42.3674962336425 6.15833581416278;
25, aed 25 228.401174854585 19.1135995293918 5.80255116306612;
26, aed 26 236.342193607724 21.0930714118951 5.27947914097594;
27, aed 27 246.06344845213 22.9555143779612 4.87159111584706;
28, aed 28 257.485989754237 24.3422487746852 4.60956614010473;
29, aed 29 270 24.8636965717519 4.518849411078;
30, aed 30 -76.5571323431696 26.4807466272979 4.70960720230467;
31, aed 31 -65.3668121404447 22.8428456960089 4.89432324228795;
32, aed 32 -55.9566557992922 21.006389751498 5.30027357784483;
33, aed 33 -47.3024811249328 19.1995384767276 5.77755138445345;
34, aed 34 -36.314643655248 18.8280753997146 5.8872829047023;
35, aed 35 -27.426196099988 20.5862374909969 5.40360990449903;
36, aed 36 -17.8973366431742 21.9339160049026 5.08651157474354;
37, aed 37 -6.60616095953193 22.7995939323366 4.90311125715091;
38, aed 38 6.22812190445467 22.8147868382881 4.90002040812077;
39, aed 39 17.5499937285314 21.9724075867524 5.07804096084307;
40, aed 40 28.2246051203706 20.4479068461461 5.4385843746328;
41, aed 41 36.8085969065596 18.7164582593503 5.92112320425779;
42, aed 42 47.4768992606516 18.8570295474659 5.87857125499045;
43, aed 43 56.3421936077241 21.0930714118951 5.27947914097594;
44, aed 44 65.4823867741034 22.8617608658648 4.8904907729184;
45, aed 45 77.087059246149 24.3084667589171 4.61558230345858;
46, aed 46 90 24.8636965717519 4.518849411078;
47, aed 47 102.647126135726 24.3310942315893 4.61155071532343;
48, aed 48 114.169612444727 22.9181796801714 4.87909827734593;
49, aed 49 123.754517194537 21.0714188262676 5.28465703712171;
50, aed 50 131.598825145415 19.1135995293918 5.80255116306612;
51, aed 51 143.171605990151 18.9872204299767 5.83973458300974;
52, aed 52 151.799830914407 20.7487044161889 5.36314273537448;
53, aed 53 161.954812372396 22.2308315917836 5.02195181179589;
54, aed 54 173.674036160307 23.1344441783189 4.83595905689864;
55, aed 55 186.453986590353 23.1292645900235 4.83698253046256;
56, aed 56 198.045187627604 22.2308315917836 5.02195181179589;
57, aed 57 208.200169085593 20.7487044161889 5.36314273537448;
58, aed 58 216.994138389707 18.9489515664683 5.85109391481627;
1, aed 1 223.325162009471 2.8395624614236 6.05578236068636;
2, aed 2 -42.3675651310136 2.78893185661187 6.16563054358595;
3, aed 3 42.3675651310135 2.78893185661187 6.16563054358595;
4, aed 4 136.674837990529 2.8395624614236 6.05578236068636;