1, aed 1 64.149992 64.461044 6.649729;
2, aed 2 115.850008 64.461044 6.649729;
3, aed 3 14.788678 66.686755 6.533422;
4, aed 4 90 83.722702 6.036191;
5, aed 5 165.211322 66.686755 6.533422;
6, aed 6 -45.228269 73.521325 6.257004;
7, aed 7 -134.771731 73.521325 6.257004;
8, aed 8 -51.826862 56.01316 7.236187;
9, aed 9 -90 62.07641 6.790611;
10, aed 10 -128.173138 56.01316 7.236187;
11, aed 11 37.256564 39.478994 6.527258;
12, aed 12 16.790959 44.734914 5.896329;
13, aed 13 -8.509804 45.665906 5.801948;
14, aed 14 -32.95853 40.969696 6.329502;
15, aed 15 -64.996716 39.209347 6.564838;
16, aed 16 -90. 41.994078 6.20279;
17, aed 17 -115.003284 39.209347 6.564838;
18, aed 18 -147.04147 40.969696 6.329502;
19, aed 19 -171.490196 45.665906 5.801948;
20, aed 20 163.209041 44.734914 5.896329;
21, aed 21 142.743436 39.478994 6.527258;
22, aed 22 118.198412 42.367496 6.158336;
23, aed 23 90. 45.982919 5.77084;
24, aed 24 61.801588 42.367496 6.158336;
25, aed 25 41.598825 19.1136 5.802551;
26, aed 26 33.657806 21.093071 5.279479;
27, aed 27 23.936552 22.955514 4.871591;
28, aed 28 12.51401 24.342249 4.609566;
29, aed 29 0. 24.863697 4.518849;
30, aed 30 -13.442868 26.480747 4.709607;
31, aed 31 -24.633188 22.842846 4.894323;
32, aed 32 -34.043344 21.00639 5.300274;
33, aed 33 -42.697519 19.199538 5.777551;
34, aed 34 -53.685356 18.828075 5.887283;
35, aed 35 -62.573804 20.586237 5.40361;
36, aed 36 -72.102663 21.933916 5.086512;
37, aed 37 -83.393839 22.799594 4.903111;
38, aed 38 -96.228122 22.814787 4.90002;
39, aed 39 -107.549994 21.972408 5.078041;
40, aed 40 -118.224605 20.447907 5.438584;
41, aed 41 -126.808597 18.716458 5.921123;
42, aed 42 -137.476899 18.85703 5.878571;
43, aed 43 -146.342194 21.093071 5.279479;
44, aed 44 -155.482387 22.861761 4.890491;
45, aed 45 -167.087059 24.308467 4.615582;
46, aed 46 180 24.863697 4.518849;
47, aed 47 167.352874 24.331094 4.611551;
48, aed 48 155.830388 22.91818 4.879098;
49, aed 49 146.245483 21.071419 5.284657;
50, aed 50 138.401175 19.1136 5.802551;
51, aed 51 126.828394 18.98722 5.839735;
52, aed 52 118.200169 20.748704 5.363143;
53, aed 53 108.045188 22.230832 5.021952;
54, aed 54 96.325964 23.134444 4.835959;
55, aed 55 83.546013 23.129265 4.836983;
56, aed 56 71.954812 22.230832 5.021952;
57, aed 57 61.799831 20.748704 5.363143;
58, aed 58 53.005862 18.948952 5.851094;

1, aed 1 46.674838 2.839562 6.055782;
2, aed 2 -47.632435 2.788932 6.165631;
3, aed 3 -132.367565 2.788932 6.165631;
4, aed 4 133.325162 2.839562 6.055782;
